header1
header2
SITE:	0	8.51469239e-06	0.118007104	010010100011101
SITE:	1	8.51469239e-06	0.118007104	000000000000000
SITE:	2	8.51469239e-06	0.118007104	111111111111111
TOTAL_SAMPLES: 3